
bnz1: COM ATOMS=4894,4895,4896,4897,4898,4899,4900,4901,4902,4903,4904,4905
bnz2: COM ATOMS=4906,4907,4908,4909,4910,4911,4912,4913,4914,4915,4916,4917
bnz3: COM ATOMS=4918,4919,4920,4921,4922,4923,4924,4925,4926,4927,4928,4929
bnz4: COM ATOMS=4930,4931,4932,4933,4934,4935,4936,4937,4938,4939,4940,4941
bnz5: COM ATOMS=4942,4943,4944,4945,4946,4947,4948,4949,4950,4951,4952,4953
bnz6: COM ATOMS=4954,4955,4956,4957,4958,4959,4960,4961,4962,4963,4964,4965
bnz7: COM ATOMS=4966,4967,4968,4969,4970,4971,4972,4973,4974,4975,4976,4977
bnz8: COM ATOMS=4978,4979,4980,4981,4982,4983,4984,4985,4986,4987,4988,4989
bnz9: COM ATOMS=4990,4991,4992,4993,4994,4995,4996,4997,4998,4999,5000,5001
bnz10: COM ATOMS=5002,5003,5004,5005,5006,5007,5008,5009,5010,5011,5012,5013
bnz11: COM ATOMS=5014,5015,5016,5017,5018,5019,5020,5021,5022,5023,5024,5025
bnz12: COM ATOMS=5026,5027,5028,5029,5030,5031,5032,5033,5034,5035,5036,5037
bnz13: COM ATOMS=5038,5039,5040,5041,5042,5043,5044,5045,5046,5047,5048,5049
bnz14: COM ATOMS=5050,5051,5052,5053,5054,5055,5056,5057,5058,5059,5060,5061
bnz15: COM ATOMS=5062,5063,5064,5065,5066,5067,5068,5069,5070,5071,5072,5073
bnz16: COM ATOMS=5074,5075,5076,5077,5078,5079,5080,5081,5082,5083,5084,5085
bnz17: COM ATOMS=5086,5087,5088,5089,5090,5091,5092,5093,5094,5095,5096,5097
bnz18: COM ATOMS=5098,5099,5100,5101,5102,5103,5104,5105,5106,5107,5108,5109
bnz19: COM ATOMS=5110,5111,5112,5113,5114,5115,5116,5117,5118,5119,5120,5121
bnz20: COM ATOMS=5122,5123,5124,5125,5126,5127,5128,5129,5130,5131,5132,5133
bnz21: COM ATOMS=5134,5135,5136,5137,5138,5139,5140,5141,5142,5143,5144,5145
bnz22: COM ATOMS=5146,5147,5148,5149,5150,5151,5152,5153,5154,5155,5156,5157
bnz23: COM ATOMS=5158,5159,5160,5161,5162,5163,5164,5165,5166,5167,5168,5169
bnz24: COM ATOMS=5170,5171,5172,5173,5174,5175,5176,5177,5178,5179,5180,5181
bnz25: COM ATOMS=5182,5183,5184,5185,5186,5187,5188,5189,5190,5191,5192,5193
bnz26: COM ATOMS=5194,5195,5196,5197,5198,5199,5200,5201,5202,5203,5204,5205
bnz27: COM ATOMS=5206,5207,5208,5209,5210,5211,5212,5213,5214,5215,5216,5217
bnz28: COM ATOMS=5218,5219,5220,5221,5222,5223,5224,5225,5226,5227,5228,5229
bnz29: COM ATOMS=5230,5231,5232,5233,5234,5235,5236,5237,5238,5239,5240,5241
bnz30: COM ATOMS=5242,5243,5244,5245,5246,5247,5248,5249,5250,5251,5252,5253
bnz31: COM ATOMS=5254,5255,5256,5257,5258,5259,5260,5261,5262,5263,5264,5265
bnz32: COM ATOMS=5266,5267,5268,5269,5270,5271,5272,5273,5274,5275,5276,5277
bnz33: COM ATOMS=5278,5279,5280,5281,5282,5283,5284,5285,5286,5287,5288,5289
bnz34: COM ATOMS=5290,5291,5292,5293,5294,5295,5296,5297,5298,5299,5300,5301
bnz35: COM ATOMS=5302,5303,5304,5305,5306,5307,5308,5309,5310,5311,5312,5313
bnz36: COM ATOMS=5314,5315,5316,5317,5318,5319,5320,5321,5322,5323,5324,5325
bnz37: COM ATOMS=5326,5327,5328,5329,5330,5331,5332,5333,5334,5335,5336,5337
bnz38: COM ATOMS=5338,5339,5340,5341,5342,5343,5344,5345,5346,5347,5348,5349
bnz39: COM ATOMS=5350,5351,5352,5353,5354,5355,5356,5357,5358,5359,5360,5361
bnz40: COM ATOMS=5362,5363,5364,5365,5366,5367,5368,5369,5370,5371,5372,5373
bnz41: COM ATOMS=5374,5375,5376,5377,5378,5379,5380,5381,5382,5383,5384,5385
bnz42: COM ATOMS=5386,5387,5388,5389,5390,5391,5392,5393,5394,5395,5396,5397
bnz43: COM ATOMS=5398,5399,5400,5401,5402,5403,5404,5405,5406,5407,5408,5409
bnz44: COM ATOMS=5410,5411,5412,5413,5414,5415,5416,5417,5418,5419,5420,5421
bnz45: COM ATOMS=5422,5423,5424,5425,5426,5427,5428,5429,5430,5431,5432,5433
bnz46: COM ATOMS=5434,5435,5436,5437,5438,5439,5440,5441,5442,5443,5444,5445
bnz47: COM ATOMS=5446,5447,5448,5449,5450,5451,5452,5453,5454,5455,5456,5457
bnz48: COM ATOMS=5458,5459,5460,5461,5462,5463,5464,5465,5466,5467,5468,5469
bnz49: COM ATOMS=5470,5471,5472,5473,5474,5475,5476,5477,5478,5479,5480,5481
bnz50: COM ATOMS=5482,5483,5484,5485,5486,5487,5488,5489,5490,5491,5492,5493
bnz51: COM ATOMS=5494,5495,5496,5497,5498,5499,5500,5501,5502,5503,5504,5505
bnz52: COM ATOMS=5506,5507,5508,5509,5510,5511,5512,5513,5514,5515,5516,5517
bnz53: COM ATOMS=5518,5519,5520,5521,5522,5523,5524,5525,5526,5527,5528,5529
bnz54: COM ATOMS=5530,5531,5532,5533,5534,5535,5536,5537,5538,5539,5540,5541
bnz55: COM ATOMS=5542,5543,5544,5545,5546,5547,5548,5549,5550,5551,5552,5553
bnz56: COM ATOMS=5554,5555,5556,5557,5558,5559,5560,5561,5562,5563,5564,5565
bnz57: COM ATOMS=5566,5567,5568,5569,5570,5571,5572,5573,5574,5575,5576,5577
bnz58: COM ATOMS=5578,5579,5580,5581,5582,5583,5584,5585,5586,5587,5588,5589
bnz59: COM ATOMS=5590,5591,5592,5593,5594,5595,5596,5597,5598,5599,5600,5601
bnz60: COM ATOMS=5602,5603,5604,5605,5606,5607,5608,5609,5610,5611,5612,5613
bnz61: COM ATOMS=5614,5615,5616,5617,5618,5619,5620,5621,5622,5623,5624,5625
bnz62: COM ATOMS=5626,5627,5628,5629,5630,5631,5632,5633,5634,5635,5636,5637
bnz63: COM ATOMS=5638,5639,5640,5641,5642,5643,5644,5645,5646,5647,5648,5649
bnz64: COM ATOMS=5650,5651,5652,5653,5654,5655,5656,5657,5658,5659,5660,5661
bnz65: COM ATOMS=5662,5663,5664,5665,5666,5667,5668,5669,5670,5671,5672,5673
bnz66: COM ATOMS=5674,5675,5676,5677,5678,5679,5680,5681,5682,5683,5684,5685
bnz67: COM ATOMS=5686,5687,5688,5689,5690,5691,5692,5693,5694,5695,5696,5697
bnz68: COM ATOMS=5698,5699,5700,5701,5702,5703,5704,5705,5706,5707,5708,5709
bnz69: COM ATOMS=5710,5711,5712,5713,5714,5715,5716,5717,5718,5719,5720,5721
bnz70: COM ATOMS=5722,5723,5724,5725,5726,5727,5728,5729,5730,5731,5732,5733
bnz71: COM ATOMS=5734,5735,5736,5737,5738,5739,5740,5741,5742,5743,5744,5745

d1: DISTANCES GROUP=bnz1,bnz2,bnz3,bnz4,bnz5,bnz6,bnz7,bnz8,bnz9,bnz10,bnz11,bnz12,bnz13,bnz14,bnz15,bnz16,bnz17,bnz18,bnz19,bnz20,bnz21,bnz22,bnz23,bnz24,bnz25,bnz26,bnz27,bnz28,bnz29,bnz30,bnz31,bnz32,bnz33,bnz34,bnz35,bnz36,bnz37,bnz38,bnz39,bnz40,bnz41,bnz42,bnz43,bnz44,bnz45,bnz46,bnz47,bnz48,bnz49,bnz50,bnz51,bnz52,bnz53,bnz54,bnz55,bnz56,bnz57,bnz58,bnz59,bnz60,bnz61,bnz62,bnz63,bnz64,bnz65,bnz66,bnz67,bnz68,bnz69,bnz70,bnz71
b1: LWALLS DATA=d1 AT=0.8 KAPPA=20000.0 EXP=4.0 EPS=1.0 

d2: DISTANCES GROUP=5746,5757,5768,5779,5790,5801,5812,5823,5834,5845,5856,5867,5878,5889,5900,5911,5922,5933,5944,5955,5966,5977,5988,5999,6010,6021,6032,6043,6054,6065,6076,6087,6098,6109,6120,6131,6142,6153,6164,6175,6186,6197,6208,6219,6230,6241,6252,6263,6274,6285,6296,6307,6318,6329,6340,6351,6362,6373,6384,6395,6406,6417,6428,6439,6450,6461,6472,6483,6494,6505,6516
b2: LWALLS DATA=d2 AT=0.8 KAPPA=20000.0 EXP=4.0 EPS=1.0 

d3: DISTANCES GROUPA=bnz1,bnz2,bnz3,bnz4,bnz5,bnz6,bnz7,bnz8,bnz9,bnz10,bnz11,bnz12,bnz13,bnz14,bnz15,bnz16,bnz17,bnz18,bnz19,bnz20,bnz21,bnz22,bnz23,bnz24,bnz25,bnz26,bnz27,bnz28,bnz29,bnz30,bnz31,bnz32,bnz33,bnz34,bnz35,bnz36,bnz37,bnz38,bnz39,bnz40,bnz41,bnz42,bnz43,bnz44,bnz45,bnz46,bnz47,bnz48,bnz49,bnz50,bnz51,bnz52,bnz53,bnz54,bnz55,bnz56,bnz57,bnz58,bnz59,bnz60,bnz61,bnz62,bnz63,bnz64,bnz65,bnz66,bnz67,bnz68,bnz69,bnz70,bnz71 GROUPB=5746,5757,5768,5779,5790,5801,5812,5823,5834,5845,5856,5867,5878,5889,5900,5911,5922,5933,5944,5955,5966,5977,5988,5999,6010,6021,6032,6043,6054,6065,6076,6087,6098,6109,6120,6131,6142,6153,6164,6175,6186,6197,6208,6219,6230,6241,6252,6263,6274,6285,6296,6307,6318,6329,6340,6351,6362,6373,6384,6395,6406,6417,6428,6439,6450,6461,6472,6483,6494,6505,6516
b3: LWALLS DATA=d3 AT=0.8 KAPPA=20000.0 EXP=4.0 EPS=1.0 

d4: DISTANCES GROUPA=7880,7888,7896,7904,7912,7920,7928,7936,7944,7952,7960,7968,7976,7984,7992,8000,8008,8016,8024,8032,8040,8048,8056,8064,8072,8080,8088,8096,8104,8112,8120,8128,8136,8144,8152,8160,8168,8176,8184,8192,8200,8208,8216,8224,8232,8240,8248,8256,8264,8272,8280,8288,8296,8304,8312,8320,8328,8336,8344,8352,8360,8368,8376,8384,8392,8400,8408,8416,8424,8432,8440 GROUPB=8445,8452,8459,8466,8473,8480,8487,8494,8501,8508,8515,8522,8529,8536,8543,8550,8557,8564,8571,8578,8585,8592,8599,8606,8613,8620,8627,8634,8641,8648,8655,8662,8669,8676,8683,8690,8697,8704,8711,8718,8725,8732,8739,8746,8753,8760,8767,8774,8781,8788,8795,8802,8809,8816,8823,8830,8837,8844,8851,8858,8865,8872,8879,8886,8893,8900,8907,8914,8921,8928,8935
b4: LWALLS DATA=d4 AT=0.8 KAPPA=20000.0 EXP=4.0 EPS=1.0 

PRINT ARG=b1.* FILE=COLVAR-BIAS1 STRIDE=500 
PRINT ARG=b2.* FILE=COLVAR-BIAS2 STRIDE=500 
PRINT ARG=b3.* FILE=COLVAR-BIAS3 STRIDE=500 
PRINT ARG=b4.* FILE=COLVAR-BIAS4 STRIDE=500 
